=== MAP ===
-- ZONE 1 --
4 -1 0 -1 0 14 -2 0 5 4
5 0 0 0 12 1 2 3 0 0
0 0 -1 0 -1 0 0 -1 3 4
0 0 0 0 26 0 0 3 0 5
4 0 0 0 0 29 0 0 4 4
-1 0 31 0 0 17 0 0 0 0
0 0 -1 0 0 0 0 0 0 0
0 0 0 0 0 -1 0 0 0 0
0 0 0 -1 0 0 0 -1 21 -1
30 -1 -1 22 14 30 21 28 36 16
-- ZONE 2 --
6 6 6 -2 -3 0 0 -1 0 -1
0 0 5 4 4 0 5 0 0 0
4 0 -1 0 0 0 0 4 4 -1
0 -1 0 0 -1 56 0 -1 0 2
0 59 0 5 54 0 0 -1 0 0
5 5 -1 0 0 0 0 0 0 0
0 0 0 0 0 0 0 0 0 -1
0 0 0 0 -1 0 0 62 0 -1
0 0 50 0 0 0 0 0 61 41
67 -1 44 42 -1 -1 -1 -1 -1 -1
-- ZONE 3 --
5 7 -1 7 0 93 -1 0 2 82
-1 -3 0 99 0 0 0 0 0 7
7 7 98 5 0 -1 6 5 7 5
0 0 -1 0 0 0 0 5 0 0
0 -1 6 0 0 -1 0 6 6 -1
0 0 0 0 68 0 0 0 0 6
6 0 6 0 -1 0 0 0 -1 86
0 0 0 70 0 0 0 0 0 0
70 -1 0 91 0 0 83 0 0 0
0 0 75 -1 -1 92 92 98 80 91
=== PLAYER ===
{1}
{0}/{100}
{100}/{100}
-- INVENTORY --
{1}@{1}@{10}
{1}@{2}@{10}
{1}@{3}@{10}
{1}@{4}@{10}
{0}@{0}@{0}
{0}@{0}@{0}
{0}@{0}@{0}
{0}@{0}@{0}
{0}@{0}@{0}
{0}@{0}@{0}
-- STORAGE --
